#  Surveillance Scan
#
#  Each line of the scanning table has two floating point numbers,
#  rotation and tilt, read according to Fortran list-directed
#  formatted I/O.
#
#  lines consisting of only <sweep> or  </sweep> mark the beginnings
#  and ends of what will be considered a "sweep"
#
#  Blank lines are ignored
#  Anything after a "#" on a line is ignored.
#

#  rotation:
#      Angle (degrees) between the radar beam and the vertical axis of the platform.
#      Zero is along the vertical axis; positive clockwise looking forward from
#      behind the platform.

#  tilt:
#      Angle (degrees) between the radar beam and a line perpendicular to the 
#      longitudinal axis of the platform, positive toward the front of the platform.

#  Rotation   Tilt
<sweep>
     0.0      0.0
     0.0      1.5     
     0.0      3.0     
     0.0      4.5     
     0.0      6.0     
     0.0      7.5     
     0.0      9.0     
     0.0     10.5     
     0.0     12.0     
     0.0     13.5     
     0.0     15.0     
     0.0     16.5     
     0.0     18.0     
     0.0     19.5     
     0.0     21.0     
     0.0     22.5     
     0.0     24.0     
     0.0     25.5     
     0.0     27.0
     0.0     28.5
     0.0     30.0
     0.0     31.5     
     0.0     33.0     
     0.0     34.5     
     0.0     36.0     
     0.0     37.5     
     0.0     39.0     
     0.0     40.5     
     0.0     42.0     
     0.0     43.5     
     0.0     45.0     
     0.0     46.5     
     0.0     48.0     
     0.0     49.5     
     0.0     51.0     
     0.0     52.5     
     0.0     54.0     
     0.0     55.5     
     0.0     57.0
     0.0     58.5
     0.0     60.0
     0.0     61.5     
     0.0     63.0     
     0.0     64.5     
     0.0     66.0     
     0.0     67.5     
     0.0     69.0     
     0.0     70.5     
     0.0     72.0     
     0.0     73.5     
     0.0     75.0     
     0.0     76.5     
     0.0     78.0     
     0.0     79.5     
     0.0     81.0     
     0.0     82.5     
     0.0     84.0     
     0.0     85.5     
     0.0     87.0
     0.0     88.5
     0.0     90.0
     0.0     91.5     
     0.0     93.0     
     0.0     94.5     
     0.0     96.0     
     0.0     97.5     
     0.0     99.0     
     0.0    100.5     
     0.0    102.0     
     0.0    103.5     
     0.0    105.0     
     0.0    106.5     
     0.0    108.0     
     0.0    109.5     
     0.0    111.0     
     0.0    112.5     
     0.0    114.0     
     0.0    115.5     
     0.0    117.0
     0.0    118.5
     0.0    120.0
     0.0    121.5     
     0.0    123.0     
     0.0    124.5     
     0.0    126.0     
     0.0    127.5     
     0.0    129.0     
     0.0    130.5     
     0.0    132.0     
     0.0    133.5     
     0.0    135.0     
     0.0    136.5     
     0.0    138.0     
     0.0    139.5     
     0.0    141.0     
     0.0    142.5     
     0.0    144.0     
     0.0    145.5     
     0.0    147.0
     0.0    148.5
     0.0    150.0
     0.0    151.5     
     0.0    153.0     
     0.0    154.5     
     0.0    156.0     
     0.0    157.5     
     0.0    159.0     
     0.0    160.5     
     0.0    162.0     
     0.0    163.5     
     0.0    165.0     
     0.0    166.5     
     0.0    168.0     
     0.0    169.5     
     0.0    171.0     
     0.0    172.5     
     0.0    174.0     
     0.0    175.5     
     0.0    177.0
     0.0    178.5
     0.0    180.0
     0.0    181.5     
     0.0    183.0     
     0.0    184.5     
     0.0    186.0     
     0.0    187.5     
     0.0    189.0     
     0.0    190.5     
     0.0    192.0     
     0.0    193.5     
     0.0    195.0     
     0.0    196.5     
     0.0    198.0     
     0.0    199.5     
     0.0    201.0     
     0.0    202.5     
     0.0    204.0     
     0.0    205.5     
     0.0    207.0
     0.0    208.5
     0.0    210.0
     0.0    211.5     
     0.0    213.0     
     0.0    214.5     
     0.0    216.0     
     0.0    217.5     
     0.0    219.0     
     0.0    220.5     
     0.0    222.0     
     0.0    223.5     
     0.0    225.0     
     0.0    226.5     
     0.0    228.0     
     0.0    229.5     
     0.0    231.0     
     0.0    232.5     
     0.0    234.0     
     0.0    235.5     
     0.0    237.0
     0.0    238.5
     0.0    240.0
     0.0    241.5     
     0.0    243.0     
     0.0    244.5     
     0.0    246.0     
     0.0    247.5     
     0.0    249.0     
     0.0    250.5     
     0.0    252.0     
     0.0    253.5     
     0.0    255.0     
     0.0    256.5     
     0.0    258.0     
     0.0    259.5     
     0.0    261.0     
     0.0    262.5     
     0.0    264.0     
     0.0    265.5     
     0.0    267.0
     0.0    268.5
     0.0    270.0
     0.0    271.5     
     0.0    273.0     
     0.0    274.5     
     0.0    276.0     
     0.0    277.5     
     0.0    279.0     
     0.0    280.5     
     0.0    282.0     
     0.0    283.5     
     0.0    285.0     
     0.0    286.5     
     0.0    288.0     
     0.0    289.5     
     0.0    291.0     
     0.0    292.5     
     0.0    294.0     
     0.0    295.5     
     0.0    297.0
     0.0    298.5
     0.0    300.0
     0.0    301.5     
     0.0    303.0     
     0.0    304.5     
     0.0    306.0     
     0.0    307.5     
     0.0    309.0     
     0.0    310.5     
     0.0    312.0     
     0.0    313.5     
     0.0    315.0     
     0.0    316.5     
     0.0    318.0     
     0.0    319.5     
     0.0    321.0     
     0.0    322.5     
     0.0    324.0     
     0.0    325.5     
     0.0    327.0
     0.0    328.5
     0.0    330.0
     0.0    331.5     
     0.0    333.0     
     0.0    334.5     
     0.0    336.0     
     0.0    337.5     
     0.0    339.0     
     0.0    340.5     
     0.0    342.0     
     0.0    343.5     
     0.0    345.0     
     0.0    346.5     
     0.0    348.0     
     0.0    349.5     
     0.0    351.0     
     0.0    352.5     
     0.0    354.0     
     0.0    355.5     
     0.0    357.0
     0.0    358.5
</sweep>
